51985052123
5198947612ALUNO
5134343213
5192170604
5199842864
5134936258
5134462430
99094144
5198280987
5191231064(ALUN
5193870413MÃE
5195130913
96391992 MÃE
99472558
5181684049
5134464655CASA
84062706/
5596451576
344464995
99581811
5184079024
3498 2138 AVO
96463383 ALUNA
95772420
5134930681CASA
5130462234
5197767383
97154637
5199968141
5134465288
5192385111
5184754826
5136859302
5185660537
51993534283
5184815350
99013705
5197408978
30541407
5199384016MAE
5134924659
34924437
94048170
81941135
5181611342
5191982302
5134982884 EDEM
5191372921
84255466
85364618
91788414 ALUNA
34923273ALUNA
84965036
5199774938
34859966/
91915035
5199096574
34980144
5198743083
5182551401
5185815005ALUNA
93397643
94478838
98723063
34341335
5134426973
5134361597
5182053858
91294205(ALUNA)
85031202
97822226
5196096481
84240504
82288036PAI
5184380807
81381207/
5196838673
51992026350
5195742535
91053419 ALUNO
5180575038
5193013433RESP
5192703317
5134467811
99300447ALUNA
34441197
5184972262
34923810
5198949807
34922413
34466911
5196403241
5134354620
5184175891
3446  5231 CASA
96080381
93932824
5134350696
85448458
5185509705
96220611/
5196097624
84980755PAI
5196837529
81489152
5191670549
5121123648
34936679
34852183
5134354877
5181087583
34441966
5198655927ALUN
5193579762ALUNA
34463530
34930436
5199080044
5198910407
5191809184
99940813/
5199892960
3493 8636
99633080
5191830861MÃE
5199058516
5184136649
51 84920103ALUN
5192953141
34853399CASA
5134927259
5194328319
97360202
5134342566
5197882782
5121364112
5133343981
5191831667RESP
5195128374ALUNO
5193004592ALUNO
5196666870
5185071272
34850322 SERV
5184861927ALUNO
97925784 ALUNO
5191850545ALUNO
5134941723 CAS
34852333(CASA)
5134855589
81548915
5192695086
5185064861(Keli
5134921273
30457574
30540144
34341367/
5134464338PAI
5182529425
51 986725645MÃE
5184342008
5195044486
5134928658
5134441487
84829627
5197636363
93224399ALUNA
34984205
5134353850
81235883PAI
96175651
5134462389
34853945 RECADO
5134937074
5134445231
5198165970(ALUN
85798770
99960737
5191318051
5196683180
99091908/
9807-0229
5134466269
5199041419
34443649 CASA
5131087965
5134443540
34856774
85808984
5185009503
5134508605
51-92025640 ALU
32324579
92918522/
94060766
5184800578
34923919/
5199506319
5134857136 CASA
34855059
5134852858
5195376121
96142382
34342211
5196664750
5195453454MÃE
5191298485
85495468
9618 6783 MÃE
34358464
5195441375 ALUN
51991494461
5180264787
5182618587
5185071272
5134465853
99121813
30451221/
5182130030
34361417
84544808
5185586146
34467555
51999321473
51992801681
5134342514 CASA
5197982452MAE
34923953AVÔ
5182642282
5185514813
5195895094
5185602579
34859943/
5134444389CASA
34852292/
5184834667RESP
34353426
81561660MÃE
5184016624
5185791881
5134355700
97816060
5199518198
9221 8832  MAE
5196311197
5194247507
5192823615RESP
5195960721
5134858737
(51)99101096  
5199057429ALUNO
5133397339
98097578
5134357522
5134463053PAI
5191708867
34859682
5185115954
5134354355casa
34340806
34981014/
34467521/
3485-2125 CASA
5134444547
34443998
34932011
34921598
5198377088
5191120297
34420896
5134853484 CASA
96924994(ESPOSA
5193654613
34311792
5191853944
5195191553
34468552/
5184218400
92549741
98858866
34466438
34464924 CASA
5196721615
5192061453
30541989
84875098/
5184559294
5100000000
93942076
5184952416
97060686
NÃO CADASTRADO
5134922024 csa
5134980135
5197991039
5181969383
5198283110
34928554
5191014518ALUNO
92921574
81568865
34341576
5195038146ALUNO
82642282
5196903777
5130461501
34466045
91624189/
5130454290
5193999386
34351633
NÃO CADASTRADO
5134981892CASA
3045314 CASA
5134850814
5134355056
5134462883
96323379
5134464352CASA
5198287316MÃE
5134935501 CASA
5134350076
34468032
5191371326
5199082165
34461459
5134928391
84122210
NÃO CADASTRADO
5193772507
5193845396 ALUN
97944778
34440630/
5185017932
5196704840
51989335812
5134930340
5184773820
5199424163
5185519461
5197148262
51993304670
5134354720
5134852258
5134462108
98234694/
5130457142
5134465069
5184569632
5198836549
5185961619
34350986
5134921963
5184711485 RESP
34464950CASA
5197351670
84571084
85484109
5193465254
34463835 CASA
51-34706967
34342598
5134852663
5195630623
5133686215SOBRI
5196535280
93393923 MAE
5191564931
34982854/
97025918/ALUNA
5484273717
5134922717
5192926832
34350513
5184827242
5191512969
96432715 ALUNO
5134929262
5192556658
5181582749ALUNO
5134358104
51 9968047
92207380
5198635417
5134924422
91855392
5184167564
5191503813
92491735
5134981014
34341060
93818801/
5191756373
51 34353049
9353 3017 FILIP
5192173759ALUNA
5191333617
5180494936
5185366088
5185104791ALUNA
5134466167
5191829615
34463943
5134933385
51996010999
5134857309
51995616150
5191198078
92549886
51991906558
84923920/
513492
81661345
5199033945
5184196495
97929861ALUNO
5196318985 RES
34984111
34351927
99299940
5198201425
34854037
5134852141
5184861734
5192493461
5197756069
5130456215
5192840362
34922682
34461370
5192106021RESP
5196792398RESP
5130461810
5185843262
80143375
34923407
92055474 RESP
(51) 9802-9700
5134466707
5193617663ALUNA
51996377074
9823   8640ALU
98797351
34460029/
34463032/
5134468695
93249796
92143099 pai
5134350537 CASA
85363692
34357382CASA
5136859302
5134340738 CASA
93 33 88 87MAE
34445064/
91207969
81424558RESP
5134939878
30464965
5196268592
93401290
98421127
3485  0545
5181194509RESP
34467524
34341033
9984   7455
5195264598
5130464002
51985375427
5134342720
5191184051
5197942684
5196563359ALUNO
99457725
34465857CASA
5185255586
NÃO CADASTRADO
5134441941
5197560559
5189221518
51992048355
5181790703
34464892
51
513446111
82155069
5134850268
93072500
34355346/
34921700
34442153
34982528
85430850
5134981004
5184029645
5199882318ALUNO
30458689
99371483
5197210077
34937430ALUNO
98168137
5194625652
34857426 casa
34343851
5196940717
51985831198
5192385729
34462037
5197563385
5134922784
5197727715
5134923542
5134859245CASA
85234497 ALUNA
5134924957 CASA
5193964890MÃE
3446 5857RECAD
5197057115
5182467716
5198169822
34922092
5193623310ALUNO
34469492
81337551
5130454893
34932850/
5199060608
5134466213
5184310460RESP
5197022276 RESP
5134929871
9800 0329 (ALUN
5193494351
93511554
34856213
5184707910
5191495461
99477239
5191785647
5181352031
34460144/
5199403535
93131360
5134850425
34355997
34930592/
84377831/
32686364
5196040561
3446 0588RES
34850593 CASA
NÃO CADASTRADO
34340251
34355080/
5196834979
5196146949
5130454386
5192697433
34461599/
34466022
5134927068RESP
5131083950
34937653
34355088 CASA
5134466483
5185764782
5191604794
5134924659
5198958691
98911492
85453915
93393132ALUNA
91653809
98393938RESP
5130456779
33193234
34930245 CASA
5184792560
34353814
34850785
34929745CASA
5181424279
5184845084
5196995704
97450690
34921485 RECADO
5182072457
81883699
5197176752 PADR
34857417/913718
51985336414
5198822689ALUNA
3492 1603 RESID
5184239609
83025430
34922179 CASA
34460717
34443255 CASA
81305757PAI
34984710
84753590
5185574398
93808828TIA
5185043154
51985336414
5191488872ALUNA
5184075190
5134466547
81874749
5184793033
5199150978
51995574216
5199231414
34921866
5134465273
85799753
51 986404246
5199957105
5134342656VISIN
5192567176
5197302680
5196118950
5195139477
5184406049
34852430CASA
5186495558
5134340706
51989461298
99410234
5184630897
34932701
5191195299 PAI
5192852889
5197512140
5134850532
5134351575casa
97046814(ALUNA)
5185594726
98723074 ALUNA
34851775
5193674006
5193906705ALUNO
92957924 ALUNO
34929791
92137216
5134468748
81276176
5134461179
5199817701
5134857137
5130462529
5130456463
5134469209
5134461086
5134928910CASA
513485824
5198451571
51985448070
5134923187
5197214318
5184724526
5191890522ALUNA
5134340947
51999094604
5133315628
5185397051 ALUN
5194112148ALUNA
5197522851
5184484127
84212091
51991293291
34445358
5196010829MÃE
5134932731
51
51
5185390089 ALUN
91502211
5134353791
97537261 ALUNA
5134353975
5196009045
34928014
85653130
5196030862
34466060
5192969115
98890370(MÃE)
5134466241
5195887136
5184849468
34341045
5198692737
5184979704(RESP
5186105937
5181658510 ALUN
34857605/
5197598042
5185655482 CASA
5191875471 ALUN
34352855
34442678
97359773
93660810RESP
5134851928 ALU
34936129
98713910
5134856213(AVÔ)
5134467012
5133315628
5134932559
5185200622
34929690 AVÓ
5192485011PAI
5134982214
5196757270
5184428312MAE
91795901 RESP
5191429322
5196661225
30618242 SERVIÇ
5191442000
5197441756RESP
34922992
34354802
5184784728
5130458382
99096259
5134355883
34443876
5198200580
99074224
98939312
5134936011CASA
5134360308
99371483
98785930
84799083
98972177
5134853950
5191892799(MÃE)
5134461262
5194066268
5184368394
92734984
34934498/
97.400.505
5181912451ALUNA
30455689
5134463658
5184151033
34938411 CASA
51-97503928RESP
5134465970
5134857706
5134343117
5134441182
5191434590
(51)96611379
96196715 ALUNO
51997147446
5134357515CASA
5185543224
81811191
5198488599
91829545
34850501
5134342082 CASA
5181149161
34852981aluno
5134460079
5199223964
5131086116CASA
5134355074
97494713
34937010
36851373
5134928139CASA
5197056824
5192240641
5134350832
5181145873ALUNA
5196009140
5134353260
5198125245MÃE
5134941739
99534825
5132333481 CASA
5197266906
5134467169
5134933189
5199843044
5134921822
5197231353RESP
5198304464
5199295380ALUNA
5130454655
85437116
97537261 RESP
91221341/
5134941801CASA
5199118005
91693968
5198384324
5197831228
5197298289MÃE
33191061
5197711559ALUNO
93108108/
34355772
99190022
5196031771CELIA
34851799
34930939
98351666
96038165
96944378
34922154/
5196692581ESPO
5199093124ALUNA
5134928658
94478944
5198545957 ALU
5199165613
NÃO CADASTRADO
91252289/
93913517
5134355046
5199531967ALUNO
5198996449
34923343
85175417/
30456273
9927 8850 ALUNA
5197555956
5196225073
5198064699
5134859371
5134351893
5134361056
51985200626
96717305
34852154
34466021
5134851458
5185177285
5196647299
5181437281ALUNA
92018758
5197832015
5184498347
5197741005
91817576 ESP
5497855328
5184840756
5134463871
96519207
5184690662
5181347528
5134854242
5193674008
5134928071CASA
34350701AVÓ/
5192397963
85234748
5134441437
85112994/
5195616364
NÃO CADASTRADO
5184150295ALUNA
85816210CASA
93433256
5195759244
5194040438
96952817
(51)85711099
84987881
5198373668
5134465357
518431345
34461943
5199987478 RESP
34929262
513366   4214
5189377846
5133391462
34341719
32898711
34923328/
5191485601PAI
34343104
5199369821
5134854169
5197941666PAI
5134982136 CASA
5134982214 CASA
96279917RESP
5284860352
5196080135ALUNO
5134443239
5185537224
5134460432
5134342197
5197357073
5134465557
51984301162
5184182807MÃE
5185365317
34923844
32898711
51991618403
5185038493
34858286
5192076286
34443173
5199041955
5133382059
5185814197 ALUN
5184155183ALUNO
92778797(ALUNO)
5134850498
34854051
34343104
84841299 ALUNO
NÃO CADASTRADO
5134981662
518134166
5185768523 ALUN
96492023
NÃO CADASTRADO
81323482
5194510808PAI
85225183
5134939390
91403643
91081765
34929850
34468288
5194441614ALUN
85348409 MAE
99256904
84724086(ALUNA)
5134858353CASA
5191739199ALUNA
5194292047
5197513641PAI
34930644
34856019 RECA
5133551005TIA
51
5199821861
5134467521
34934103
34930650/
5185900807
97553155
5184195193
34467977
5197378676
51 986182640
5184622991
5134982136 CASA
5192704017
98183214
5185524911
32898711
96554114
5185875006
5196672094
5196083830
5198805782RESP
5134852845CASA
5185519192
5196498080
5134460019
30454291/817400
34851526
93224297 RESP
5184486397
34938726CASA
97673770
51
5185901620
89105981
96518972
5134352261CASA
5134934391CASA
NÃO CADASTRADO
5197461738 ESP
5198076706
5134465345
34460432/
99083929
5198114034
30455227
5134461400
93288549/
5185071272
92073463 mae 
84497931
5195861202
5134465256
5196990056MÃE
5185227639
NÃO CADASTRADO
5191031290
5185869420
5185808530
98282386
5199818127
5191456290(ESPO
5192663342PAI
5199168613
34461741 IVONE
97829238
5184450604
5185535903 RESP
84778392
5596340995
91841514
99157417
NÃO CADASTRADO
9120 5831
97052005 MÃE
99186362
5191700560RESP
NÃO CADASTRADO
5196754391
98255122

5184270917
5192385111
5185709658
5198925911
5134352555
NÃO CADASTRADO
5134933862
98841700
97408976
91566089
5199062695 IRM
5184440214
92371087
98112258
84896552
5195059855
5192070996
5184040505RESP
NÃO CADASTRADO
32896943
91906044
91899355 MÃE
92536071ALUNA
34343455
5197313848
91406102
33316135
NÃO CADASTRADO
95605123
5196591761 RES.
5134340542
5192068539 SAND
98848040
93435356
34859024VÓ
93362770
5198306011
9418 7186ALUNA
5134853264
92038973
84828631
NÃO CADASTRADO
5196840994
97750543
98716369MÃE
5197712228
81379920
5196838673
51993576981
5194231040
85614358 PAI
5184819824
5195010916PAI
5184662236
84520995
96718920 esposo
85174365
5134859006
96886831
5196810634(MÃE)
93697795
92134612
NÃO CADASTRADO
5185485999
5186397640
9117 0607 RESP
85519192
95785561
51
84829377
5185763663
81767722
NÃO CADASTRADO
85820959MAE
5191294560
NÃO CADASTRADO
5185414123
5134354692
98462260
91643197
5185651643
5134358743
97208540aluno
5196731992ALUN
5134465318AVÓ
NÃO CADASTRADO
92206412
95404191
5198557605
5192911328
34852988
5199515897
8480 9544
34928515
5197354616AVÔ
5196547143
5184136649
51 84046646ALUN
NÃO CADASTRADO
84486892ALUNA
5193531718

96282112
5191769171

5199561649
5197703221
5191947382ESPOS
5198981698AVÓ
5196207072MÃE
5196666870
5199391314
91261665 ALUNO
5134357624CASA
81268501 AMIGO
5193953823DALVA
5198730769 RESP
84391729
5194268081
84864801
5192589332
5194246395
5192051808
85395509 NÃO

96236133
5198710101(ALUN
NÃO CADASTRADO
51 92833698ALUN
5184575603
5194189566ALUNO
5184164847
5134353045
34468128
5196517148
84978569IRMÃ
97930073
5197169889
33199397RES
91446906
51984169836
98321192 IRMÃ
5198182294
5196051566
5197021566(PAI
8563  7751
81670158
5191318051
5196683180
99922653
3492-1757MAE
5196057684
5197181414
93024858 MÃE
5184549253
NÃO CADASTRADO
96659143
34939413
5186456025
5198033957
51-93696125 TIA
99058286
92239826
34466197
5197602788
81504843
NÃO CADASTRADO
5193953537 ALUN
5184505306
5196383569
5198328900
NÃO CADASTRADO
55-99268271
51
5198260910PAI
NÃO CADASTRADO
96616694(ALUNA)
85237968
92049716
5198909948 RESP
5133151170
5199651852
5181023602
5184317984
5191185239
93944888
96298247
5184510742
92689163
91337341
5184991978
84695723
51999846673
51993394827
5196712741 MÃE
5180298028
93466412
5134444258
5182855906
5184963222
5183053358
91269361
5182674108 ALUN
93910123
5184784335ALUNA
99909278
85457282ALUNA
5184252131
5134341304
5197310545
84107558
5134467855(SONI
9269  5250 PAD
5195086892
5184438993
5193472313ALUNA
5197698559
5199661952
(51)97860797 
5197513387AMIGO
5184063030
96158121

5199091297MÃE
5191533794
98114902
51
5191280670
97590283
97269700
92693688
9980-9009 ALUNO
5191596627
92454441
96901429
91784718
5196395485MÃE
5132843000
98371917
NÃO CADASTRADO
96979667(ALUNO)
5134460296
84214770
5192104074
5196342479
99463454
5186143018
92763934
98432535
85046218
97681691 ALUNA
5198285143
5184542644
92142399
93519010
5191620021
94040637
NÃO CADASTRADO
95339829
84345938
NÃO CADASTRADO
5189142112 marl
5199708587
NÃO CADASTRADO
NÃO CADASTRADO
5192439342
NÃO CADASTRADO
5191687980AVÓ
NÃO CADASTRADO
99961669 (FILHA
89384906
5196414945RESP
95763822
5198437211
5191721449
84828609
98757003
5181222095
51-81782840
92397636 IRMA
94011162
5198699988RESP
92495055 ALUNO
5193662460
5185164378
5184235974
95009239
5191064497MÃE
5134930308CASA
5197484295 MÃE
5192496670
96573978
5184665032
5198740340
97249747
5197946384
84281081
5197934287
5193052439
5185788711RESP
93221776
85317942
5184788104
51 30456356
51991710103
5192142451
519199399
5134850547
5192537399MÃE
5196189568
5134465172
5199398561
5197618234
5184447248
34938306
5182721424
5198989840
5130465148
5184218203
5186325797
92315389
5185921963
5196155652 GILM
84646229RESP
NÃO CADASTRADO
97424300
99008907
NÃO CADASTRADO
97699275 ALUNA
51-84618131
97141521
5134854201
NÃO CADASTRADO
5196694202IRMÃ
5191702453
92878758
5192390799
96469992
5199884643
5191962475ALUNA
5196750975
5184361481
84195255
5184415272
5192389232
97063034 IRMÃO
5191601118
5132413643
5198604737PAI
5199672065
51 34852379
91905519
5195387396
5199592593
34464897
5198292476
5192949414
NÃO CADASTRADO
5182608325
34922709
81635567
5181368217
51 84643718
9287 4731 MÃE
5133864466TIA
5134932511
5133330429(EVA)
5185366088
5134853682CASA
5199927978
5134937951
92962022
5193089207
51996340553
5193198305
53984644449
5192638094
92222372
51997051432
34929990
5192175834
97162611
5198204058
5192745726
98539755PAI
5198235748 ALU
85122584
98214791
34442401
5199334175
91768002
5134931510
5199291059
5192085478
5196333704
5184479588
NÃO CADASTRADO
92799815
91583554
5185415471ALUNA
5197084673ALUNA
5198818067
5134464259
95989887
85036403
93780442 ALUNA
(51) 9802-9700
5191091067
5195239196ALUNA
51996901036
9737 2638RONAL
96642667
96636397
99153237
5185115443
93565594
96025117 aluno
99745113 RESP
NÃO CADASTRADO
96586766ALUNA
5196040492
5193618077 RESP
34351678 IRMÃO
91502533
91749597
91300214ALUNA
5193405077
85883308
5197194274
NÃO CADASTRADO
97805438
99702389  ALUN
5134442336CASA
96831948
NÃO CADASTRADO
5184117260
5130542336
5195050089
51999906502
51
5134851434
5597125477
5198655927 EVAN
81473545
5194135767RESP
5185255586
94287228
5184707910
5197074157
NÃO CADASTRADO
51996486913
5185629583
92147683
5133387335
99433110
34853263
5191622391
NÃO CADASTRADO
91548513
84079089
97573261
32112233
NÃO CADASTRADO
5192868924
5134352903
96089437RAQUEL
92834366
93191201
5199375380
91137060ESPOSA
99118137
5182424857
94112382 TERESA
81461882
5134981234
51984473069
5191970073
92880828
5195005603
5181441450
5134465141
5193415191
5197418148RESP
84675792 RESP
5191928188 PAI
5191335599 IRMÃ
5194135767ALUNA
5196391605
NÃO CADASTRADO
5130455062
92491796
5196345242MÃE
96979371
91692283
5191223772
94059557
NÃO CADASTRADO
51
5196039759RESP
5199203780 ALUN
5184538011
8429  3534
5133192907
93929511
86599422
5134441941
5195877827
96184109
5191785658
34466773
92523152
5197071638
NÃO CADASTRADO
5198001980
92411308
84513172(ALUNA)
96572131 (MAE) 
92835599
5199419045
925 87 866RES
99978071 ALUNO
5197336318 PAI
96992242
98215338
5198885353
5198791110
5191686451
51
97372146
98094234
5185268738RESP
5198645800
92734159
NÃO CADASTRADO
5198856730
5189039324
5194134841
5198796991
NÃO CADASTRADO
97446021
82257307
98495049RESPON
93253991
98049503ALUNA
5189003004
34934182
33810192 TIA
92898814 Ñ     
93832307
96837721
93686630ALUNA
NÃO CADASTRADO
51
NÃO CADASTRADO
95050161
8547781
NÃO CADASTRADO
93502142
NÃO CADASTRADO
  
51986232949
5196872689RESP
9822  1486
5186052775
84794962
NÃO CADASTRADO
99055971
92910987 ALUNA
92230562ALUNA
99737984(PAI)
NÃO CADASTRADO
5197829475
92279086ALUNO
5184826186
51985336415
5191946294ANDER
5134340300
5185666388
96981592
5134466027
5197897702
5196130116
5195239499
93523493
5192796072
85237992(PAI)
51 984242489
5198270782
5196477448ALUNA
5191620250
5184988600
5184837192
5193131575

91485018
5134934895
5182252573
51991248173
98143447
5184630898
93260451
5193465401 MÃE
5195432447
33114444
5184251828
5199743874 alun
97227114
92388173
84720146 MÃE
84169836
5192931588
5198073471MÃE
84371695 AVÓ
85122856 MÃE
NÃO CADASTRADO
5199989595
97410978
5196888702
5199817701
5185259673
5181105551
5186023523
5185896398
5134461086
5181426964 ALUN
81617541
5192018386
51986483185
5198997254
5185582861
5191451390
5134441429
5193119090
51998432545
51
5191735671 SOGR
5192738367MÃE
5199851856
5184875446
98078911
NÃO CADASTRADO
97551361
5196629079 PAI
5198548732
NÃO CADASTRADO
51
5192231152 IRMÃ
NÃO CADASTRADO
5195182493
97209760 FILHA
5184321244
5185808460
93206001
95719419
5197873637(MAE)
85082809(ALUNA)
NÃO CADASTRADO
NÃO CADASTRADO
5192253589
5184540907
5198379812
85525153
5131088472
5134857827
5184921210
5198581087 MARI
84771678
NÃO CADASTRADO
5185534390 MÃE
5193518133ALUNA
91931305
93495977
97518882(ALUNO)
5193462798
5191638834 PAI
98256253
97058223
5134853462(ALUN
5184347412
5134935690
5184252394
5194177546
97454111
5191409488ALUN
5181092009
5196757270
5134358119IRMA
82315886 ALUNO
5184745209
5134469140
93186877PAI
5192410197
5198498107IRMÃO
92424225
93166828
NÃO CADASTRADO
5199859882
34852012
5193417088
84537698
5197738658
98082796
96430556 (MARID
5193999305RESP
5184969565
98459364 RECADO
31088814
NÃO CADASTRADO
98217683
85399287
5198632011irma
5196264651
NÃO CADASTRADO
5130547424
91395548
93286100
99.318.462
5134465274 RECA
84884774
5199041450
5130454633
99233913 ESPOOS
51-99500422ALUN
5185606027
5193760515
5194666373
5134441182
5193111197
NÃO CADASTRADO
97637304 MÃE
5134342299
5184722653ALUNO
51984513090
NÃO CADASTRADO
5134852717
33345593 (RECAD
95151708
5198330834 RES
5199830455
34853981
5192693766
34853917IRMA
5195184516RESP
5185315479
96492023
99675473
95703118
5182022749ALUNA
5196694981
5184924494
5195474005MÃE
5133330002TRAB
5196009142
5198106608
5197886027PAI
5196159721
96008331
5185685184ALUNO
5196648242
5198146824
5184110483
5199146685
98875340
5185528116ALUNA
NÃO CADASTRADO
5191565549JONAS
5184106948
93186459
972099760 ALUNA
34844849
9609 9208 RESP
5198335086
92423472
5196628803
NÃO CADASTRADO
5199391776PAI
99770663
5197713918RESP
96167686
92356225
NÃO CADASTRADO
5197200615ALUNA
NÃO CADASTRADO
93288516
83085766
NÃO CADASTRADO
34856574
99384849
98179325 CLEUSA
5196332316ENIO
5184164847

5199072130
NÃO CADASTRADO
99447529(MAE)  
97354616
92695537
5192289846
5197491170CASA
5184109520
94702974
84132813
93058702
9941  0360 MARI
5134855585
5198140397 CACI
5199040493
NÃO CADASTRADO
5194051901
5184428377
51984736096
NÃO CADASTRADO
NÃO CADASTRADO
99681778
5181651347
5196796914
5196123994
5133380331SERV
34852154
5198271524
5184615135
5184990361
34342051 VIZINH
5494141420
5185918155
5197463638
NÃO CADASTRADO
5199072300
5198275138
5199131843
5191491207MARCE
5185846994PAI
NÃO CADASTRADO
5192180390
97731587
5192898815
34460682
5197360202
5182256568
5199552932PAI
99074433MAE
NÃO CADASTRADO
NÃO CADASTRADO
5191333412
97082787
(51)34467468
95940657
5196484860
5181349215
84284703
34431945
5130463047 ESCR

9252  5281
5192245277
5198144864
85737623
84446451
96332739
5197809992PAI
98071599
5197717459
51984064300
96963495JEFERSO
5199422819 RESP
5191049446 MÃE
34859871VALDIRE
5184537192
96974435RESP
5191805535
5195763741
5198234008
5184691951
5197357009
5192879217
51986551827
5192946527MÃE
5184536082
92333699
84446451
51993250290
5199251891
99532424
5134441545
91167413

85097891
5192008345 MÃE
84345587MÃE
84952268
5192747213ALUN
81128935
98071599
81455938 PAI
5193714341ALUNO
5191748200
96446474
5184969260 MÃE
97183171
92228306
92073612
5191828643IGOR
98936464
5185230482
91825181
93095426
91271784
34441261IRMA
5191810992ALUN
34856144CASA
93585209
34927127
5134442211ENILD
5192900154ESPOS
98841475
5198514307 MÃE
81871374
91159408 ALUNA 
5199670603ALUN
5185415293
5134927204
5134467838
93686757
91884579
NÃO CADASTRADO
97523155
NÃO CADASTRADO
84320873
5199258929

5184622991
5197699729 ALUN
NÃO CADASTRADO
96995317
5185044013
84446451
99873636

5184532635
5196966931
5196637561NAMO
5196535445MÃE
5184926547
5199502718
51986603154
81740001
85713803
51951363
5185901278
91856924ALUNA
NÃO CADASTRADO
51
5185163643
81001442
98759662
5197207180 RESP
5185344684MÃE
NÃO CADASTRADO
5134859583MÃE
5196570156
9981407509
96434424
96979973
85862101
91506739
5181496778
92250528
5185090503
91049296pai 
5194196330
